object_locations:
  - h: [-0.20402539608412665, -0.185258003780555, 0.7088702718794119]
    g: [35.95508672, 47.46303952, 63.81391405]
    pose: [0.156, 0.981, 0.222, -3.141, -0.004, 1.576]
    goal: [-0.7753527800189417, -2.1856253782855433, -1.9519951979266565, -2.1399157683001917, -1.566408936177389, 0.0013793094549328089]
    id: "A"
  - h: [0.005600111679107716, -0.1943500628452838, 0.5969215949568165]
    g: [-1.52567592, 34.27933404, 40.36936558]
    id: "B"
    pose: [-0.174, 0.949, 0.223, -3.139, -0.008, 1.576]
    goal: [-0.2668111960040491, -2.1573508421527308, -2.013040844594137, -2.1007941404925745, -1.058270279561178, -0.0028174559222620132]
  - h: [0.20184886726983753, -0.18899232068079266, 0.6109736366312711]
    g: [-24.20827081 , 42.08594047 , 55.00486645]
    id: "C" 
    pose: [-0.493, 0.949, 0.224, -3.135, -0.014, 1.609]
    goal: [0.07657058537006378, -2.2998669783221644, -1.7094715277301233, -2.250202480946676, -0.7476680914508265, -0.010000054036275685]


