object_locations:
  - h: [0.22930091951171377, 0.06278199396591544, 0.47622273074080745]
    g: [-44.7685214,   59.16422605,  81.1165586]
    id: "A"
  - h: [0.041942752309460304, -0.07335962373990877, 0.5319721055810719]
    g: [-7.59612172, 53.45813999, 66.38428407]
    id: "B"
  - h: [-0.06175126535849403, -0.05390143999634654, 0.4696965684895297]
    g: [-0.33006065, 55.59114881, 69.09252511]
    id: "C"
  - h: [-0.25346543565327195, 0.0036830392513643472, 0.5233987466333418]
    g: [64.32828839,  69.18671856, 107.77728676]
    id: "D"
    
