object_locations:
  - h: [0.33398817630410427, -0.011374734314259742, 0.581207004031759]
    g: [-62.59071586,  73.86605193, 105.45493455]
    id: "A"
  - h: [0.044648887823807284, -0.1108830772205097, 0.6072684663444434]
    g: [-14.26008464,  54.74674253,  68.65994041]
    id: "B"
  - h: [-0.06479033167610304, -0.09801789120273166, 0.5597550462089182]
    g: [1.61515498, 59.24698379, 74.22744577]
    id: "C"
  - h: [-0.26210006654168533, 0.09606296196627952, 0.5869700475875886]
    g: [29.75074447, 113.98345852, 153.30300393]
    id: "D"
        