object_locations:
  - h: [0.3069476899174839, 0.09715119927668721, 0.565984480288754]
    g: [-32.29804658 , 92.92701084 ,137.81197871]
    id: "A"
  - h: [0.032749894422329485, -0.06270381375972998, 0.6015335824767813]
    g: [-2.88114885 ,71.27802394 ,92.34636186]
    id: "B"
  - h: [-0.0733420725033025, -0.04361911242911863, 0.4440535345058458]
    g: [122.05740827 ,420.73256802 ,986.67622467]
    id: "C"
  - h: [-0.2794958302971904, 0.01974626809804726, 0.553553856234522]
    g: [52.35681198 , 81.66339509, 123.09777863]
    id: "D"


