object_locations:
  - h: [-0.14485736813224287, -0.15093069183523494, 0.539721980237301]
    g: [20.57403406, 51.43639549, 65.0567772 ]
    pose: [0.372, 0.935, 0.214, 3.128, -0.006, 1.548]
    id: "A"
  - h: [0.031243190055160075, -0.1614037538150456, 0.46215137513333204]
    g: [ 9.98975279, 53.7601093 , 66.8547605 ]
    id: "B"
    pose: [0.066, 0.973, 0.223, 3.135, -0.014, 1.662]
  - h: [0.22386180845694648, -0.16340988975272913, 0.47692601089627745]
    g: [-2.72527412, 58.56851221, 74.37656982]
    id: "C" 
    pose: [-0.314, 0.900, 0.223, -3.138, -0.010, 1.583]

