object_locations:
  - h: [0.22175555141182, 0.07195409284434508, 0.4504666163893134]
    g: [-30.65885227,  64.96652394,  85.71361127]
    id: "A"
    pose: [0.0602966, 0.823064,  0.216553, 3.13425, -0.010774, 1.50573]
  - h: [0.06737618295703034, -0.06560700267063313, 0.585650870850645]
    g: [-18.86157961,  62.52554265,  79.99250417]
    id: "B"
    pose: [-0.20929, 0.823064,  0.216553, 3.13425, -0.010774, 1.50573]
  - h: [-0.047014657423393245, -0.04089691842130448, 0.49265462013990763]
    g: [12.7688953,  44.21879172, 54.55143292]
    id: "C"
    pose: [0.0602966, 1.003064,  0.216553, 3.13425, -0.010774, 1.50573]
  - h: [-0.24894731187101227, 0.015826070415605048, 0.6136189788217168]
    g: [64.32828839,  69.18671856, 107.77728676]
    id: "D"
    pose: [-0.20929, 1.003064,  0.216553, 3.13425, -0.010774, 1.50573]
    
